This is a molecule data base for running make_line_table program
molecule,spectag,spectls,hitran,hitran_iso,hitran_frac,nom_mr,dflt_wc,dflt_nc
format = '(a24,1x,a6,1x,a6,1x,a8,1x,i2,1x,f10.8,1x,e8.2,1x,f4.2,1x,f4.2)'
----*----1----*----2----*----3----*----4----*----5----*----6----*----7----*----8
              $^{79}$BrO 095001 095001 NA_hit04 -1 0.50565400 1.00e-11 2.30 0.60
   $^{79}$BrO$(\nu_{1})$ 095002 095001 NA_hit04 -1 0.50565400 1.00e-11 2.30 0.60
              $^{81}$BrO 097001 095001 NA_hit04 -1 0.49196700 1.00e-11 2.30 0.60
   $^{81}$BrO$(\nu_{1})$ 097003 095001 NA_hit04 -1 0.49196700 1.00e-11 2.30 0.60
            CH$_{2}$CHCN 053001 053001 NA_hit04 -1 0.96320434 1.00e-11 5.44 0.75
     CH$_{2}$CH$^{13}$CN 054001 053001 NA_hit04 -1 0.01076824 1.00e-13 5.44 0.75
       CH$_{2}^{13}$CHCN 054002 053001 NA_hit04 -1 0.01076824 1.00e-13 5.44 0.75
     $^{13}$CH$_{2}$CHCN 054003 053001 NA_hit04 -1 0.01076824 1.00e-13 5.44 0.75
            CH$_{2}$CDCN 054004 053001 NA_hit04 -1 0.00015003 1.00e-15 5.44 0.75
CH$_{3}$CH$_{2}$CH$_{3}$ 044013 044013 NA_hit04 -1 0.96599296 1.00e-10 2.40 0.75
      CH$_{3}$CH$_{2}$CN 055001 055001 NA_hit04 -1 0.96290435 1.00e-11 5.70 0.75
      CH$_{3}$CH$_{2}$OH 046004 046004 NA_hit04 -1 0.97477218 1.00e-09 2.61 0.75
      CH$_{3}$COCH$_{3}$ 058003 058003 NA_hit04 -1 0.96399500 0.80e-09 3.00 0.75
              CH$_{3}$CN 041001 041001 NA_hit04 -1 0.97397260 5.00e-11 6.10 0.80
         CH$_{3}^{13}$CN 042007 041001 NA_hit04 -1 0.01088863 5.00e-13 6.10 0.80
       $^{13}$CH$_{3}$CN 042006 041001 NA_hit04 -1 0.01088863 5.00e-13 6.10 0.80 
       CH$_{3}$C$^{15}$N 042001 041001 NA_hit04 -1 0.00358078 1.50e-13 6.10 0.80
         CH$_{3}^{35}$Cl 050007 050007 24_hit04  1 0.74906179 3.00e-10 2.50 0.50
         CH$_{3}^{37}$Cl 052009 050007 24_hit04  2 0.23942023 1.00e-10 2.50 0.50
               CH$_{3}$D 017003 017003 06_hit04  3 0.00061580 1.23e-09 2.36 0.75
               CH$_{3}$O 031006 031006 NA_hit04 -1 0.98613002 1.00e-12 3.10 0.75
              CH$_{3}$OH 032003 032003 39_hit04  1 0.98597644 5.00e-09 3.00 0.50
             CH$_{3}$OOH 048011 048011 NA_hit04 -1 0.97275539 1.00e-09 2.30 0.75
                      CO 028001 028001 05_hit04  1 0.98659066 1.00e-07 2.80 0.50
               $^{13}$CO 029001 028001 05_hit04  2 0.01102969 1.00e-09 2.80 0.50
               C$^{17}$O 029006 028001 05_hit04  4 0.00037481 3.00e-11 2.80 0.50
               C$^{18}$O 030001 028001 05_hit04  3 0.00197828 2.00e-10 2.80 0.50
              $^{35}$ClO 051002 051002 18_hit04  1 0.75598691 1.50e-09 2.30 0.70
   $^{35}$ClO$(\nu_{1})$ 051003 051002 18_hit04  1 0.75598691 1.50e-09 2.30 0.70
              $^{37}$ClO 053002 051002 18_hit04  2 0.24163369 5.00e-10 2.30 0.70
   $^{37}$ClO$(\nu_{1})$ 053006 051002 18_hit04  2 0.24163369 5.00e-10 2.30 0.70
               COF$_{2}$ 066001 066001 29_hit04  1 0.98659066 1.00e-10 2.75 0.75
       $^{35}$ClNO$_{2}$ 081001 081001 NA_hit04 -1 0.75142553 0.67e-11 2.33 0.75
       $^{37}$ClNO$_{2}$ 000000 081001 NA_hit04 -1 0.24017574 0.33e-11 2.33 0.75
    $^{35}$ClOO$^{35}$Cl 102001 102001 NA_hit04 -1 0.57151621 1.00e-09 2.75 0.75
    $^{35}$ClOO$^{37}$Cl 104001 102001 NA_hit04 -1 0.36543809 6.00e-10 2.75 0.75
      $^{35}$ClONO$_{2}$ 097002 097002 35_hit04  1 0.74963759 2.00e-09 2.75 0.75
      $^{37}$ClONO$_{2}$ 099001 097002 35_hit04  2 0.23960427 2.00e-09 2.75 0.75
              H$^{79}$Br 080001 080001 19_hit04  1 0.50678106 3.00e-12 2.75 0.75
              H$^{81}$Br 082001 082001 19_hit04  1 0.49306320 3.00e-12 2.75 0.75
              H$^{35}$Cl 036001 036001 15_hit04  1 0.75767198 2.00e-09 3.40 0.60
              H$^{37}$Cl 038001 036001 15_hit04  2 0.24217228 1.00e-09 3.40 0.60
              D$^{35}$Cl 037001 036001 NA_hit04 -1 0.00011802 3.00e-13 3.40 0.60
              D$^{37}$Cl 039004 036001 NA_hit04 -1 0.00003772 1.00e-13 3.40 0.60
            H$^{35}$ClCO 064006 064006 NA_hit04 -1 0.74751229 0.66e-11 1.60 0.75
            H$^{37}$ClCO 066005 064006 NA_hit04 -1 0.23892497 0.33e-11 1.60 0.75
                     HCN 027001 027001 23_hit04  1 0.98516804 2.00e-10 4.30 0.80
          HCN$(\nu_{2})$ 027003 027001 23_hit04  1 0.98516804 2.00e-10 4.30 0.80
              H$^{13}$CN 028002 027001 23_hit04  2 0.01101379 2.00e-12 4.30 0.80
              HC$^{15}$N 028003 027001 23_hit04  3 0.00362194 7.00e-13 4.30 0.80
           HCOCH$_{2}$OH 060006 060006 NA_hit04 -1 0.97275539 1.00e-11 3.70 0.75
                   HCOOH 046005 046005 32_hit04  1 0.98393686 1.00e-12 2.75 0.75
                      HF 020002 020002 14_hit04  1 0.99984426 1.00e-09 2.75 0.75
                      DF 021002 020002 14_hit04 -1 0.00015574 1.50e-13 2.75 0.75
               H$_{2}$CO 030004 030004 20_hit04  1 0.98628363 1.00e-10 2.75 0.75
          H$_{2}^{13}$CO 031002 030004 20_hit04  2 0.01102626 1.00e-12 2.75 0.75
        H$_{2}$C$^{18}$O 032004 030004 20_hit04  3 0.00197767 2.00e-13 2.75 0.75
                H$_{2}$O 018003 018003 01_hit04  1 0.99730986 5.00e-06 3.00 0.70
     H$_{2}$O$(\nu_{2})$ 018005 018003 01_hit04  1 0.99730986 5.00e-06 3.00 0.70
           H$_{2}^{17}$O 019003 018003 01_hit04  3 0.00037888 1.50e-09 3.00 0.70
H$_{2}^{17}$O$(\nu_{2})$ 019999 018003 01_hit04  3 0.00037888 1.50e-09 3.00 0.70
           H$_{2}^{18}$O 020003 020003 01_hit04  2 0.00199978 1.00e-08 3.00 0.70
H$_{2}^{18}$O$(\nu_{2})$ 020999 020003 01_hit04  2 0.00199978 1.00e-08 3.00 0.70
                D$_{2}$O 020001 018003 01_hit04 -1 0.00000002 1.00e-13 3.00 0.70
                     HDO 019002 019002 01_hit04  4 0.00031069 1.50e-09 3.00 0.70
          HDO$(\nu_{2})$ 000000 019002 01_hit04  4 0.00031069 1.50e-09 3.00 0.70
              HD$^{17}$O 000000 018003 01_hit04  6 0.00000012 6.00e-13 3.00 0.70
              HD$^{18}$O 021001 018003 01_hit04  5 0.00000062 3.00e-12 3.00 0.70
          H$_{2}$O$_{2}$ 034004 034004 25_hit04  1 0.99493689 1.40e-10 2.90 0.80
           H$_{2}^{32}$S 034002 034002 31_hit04  1 0.95009969 1.00e-10 2.75 0.75
    H$_{2}^{32}$SO$_{4}$ 098001 098001 NA_hit04 -1 0.94108925 1.00e-10 2.75 0.75
               HNO$_{3}$ 063001 063001 12_hit04  1 0.98908779 1.50e-08 3.40 0.80
      HNO$_{3}(\nu_{5})$ 063006 063001 12_hit04  1 0.98908779 1.50e-08 3.40 0.80
      HNO$_{3}(\nu_{6})$ 063004 063001 12_hit04  1 0.98908779 1.50e-08 3.40 0.80
      HNO$_{3}(\nu_{7})$ 063002 063001 12_hit04  1 0.98908779 1.50e-08 3.40 0.80
      HNO$_{3}(\nu_{8})$ 063005 063001 12_hit04  1 0.98908779 1.50e-08 3.40 0.80
      HNO$_{3}(\nu_{9})$ 063003 063001 12_hit04  1 0.98908779 1.50e-08 3.40 0.80
        H$^{15}$NO$_{3}$ 064007 063001 NA_hit04 -1 0.00363649 5.40e-11 3.40 0.80
       H$^{18}$ONO$_{2}$ 065002 063001 NA_hit04 -1 0.00198329 3.00e-11 3.40 0.80
            HON$^{18}$OO 065003 063001 NA_hit04 -1 0.00198329 3.00e-11 3.40 0.80 
            HONO$^{18}$O 065004 063001 NA_hit04 -1 0.00198329 3.00e-11 3.40 0.80
               DNO$_{3}$ 064008 063001 NA_hit04 -1 0.00015406 2.20e-12 3.40 0.80
             HO$^{79}$Br 096001 096001 37_hit04  1 0.50557523 5.00e-13 2.75 0.75
             HO$^{81}$Br 098002 096001 37_hit04  2 0.49189000 5.00e-13 2.75 0.75
             HO$^{35}$Cl 052006 052006 21_hit04  1 0.75586918 3.30e-11 2.70 0.80
             HO$^{37}$Cl 054005 052006 21_hit04  2 0.24159605 1.70e-11 2.70 0.80
                    HONO 047007 047007 NA_hit04 -1 0.99144684 5.00e-10 2.90 0.75
                HO$_{2}$ 033001 033001 33_hit04  1 0.99509186 3.00e-10 3.60 0.60
                   HOONO 063009 063009 NA_hit04 -1 0.98908779 5.00e-10 2.40 0.75
             HOONO$_{2}$ 079001 079001 NA_hit04 -1 0.98673436 5.00e-10 2.75 0.75
    NH$_2$CH$_2$CH$_2$OH 061004 061004 NA_hit04 -1 0.97104995 1.00e-12 3.80 0.75
                NH$_{3}$ 017002 017002 11_hit04  1 0.99587156 1.00e-11 2.62 0.75
       NH$_{3}(\nu_{2})$ 017004 017002 11_hit04  1 0.99587156 1.00e-11 2.62 0.75
         $^{15}$NH$_{3}$ 018002 017002 11_hit04  2 0.00366129 4.00e-14 2.62 0.75
                      NO 030008 030008 08_hit04  1 0.99396632 1.00e-08 1.64 0.87
                     NO+ 030011 030011 36_hit04  1 0.99397400 1.00e-12 2.33 0.75
                NO$_{2}$ 046006 046006 10_hit04  1 0.99160127 1.70e-08 2.75 0.75
                N$_{2}$O 044004 044004 04_hit04  1 0.99032542 3.00e-07 2.40 0.80
     N$_{2}$O$(\nu_{1})$ 044999 044004 04_hit04  1 0.99032542 3.00e-07 2.40 0.80
     N$_{2}$O$(\nu_{2})$ 044009 044004 04_hit04  1 0.99032542 3.00e-07 2.40 0.80
    N$_{2}$O$(2\nu_{2})$ 044012 044004 04_hit04  1 0.99032542 3.00e-07 2.40 0.80
              $^{15}$NNO 045008 044004 04_hit04  3 0.00364090 1.00e-09 2.40 0.80
              N$^{15}$NO 045007 044004 04_hit04  2 0.00364090 1.00e-09 2.40 0.80
           N$_{2}^{17}$O 000000 044004 04_hit04  5 0.00037623 1.00e-10 2.40 0.80
           N$_{2}^{18}$O 046007 044004 04_hit04  4 0.00198577 6.00e-10 2.40 0.80
                       O 016001 016001 34_hit04  1 0.99762060 1.00e-07 2.75 0.75
                $^{17}$O 000000 016001 NA_hit04 -1 0.00037900 3.80e-11 2.75 0.75
                $^{18}$O 000000 016001 NA_hit04 -1 0.00200040 2.00e-10 2.75 0.75
             O$^{79}$BrO 111001 111001 NA_hit04 -1 0.50445082 2.00e-12 3.80 0.75
             O$^{81}$BrO 113001 111001 NA_hit04 -1 0.49079604 2.00e-12 3.80 0.75
              OC$^{18}$O 046013 046013 02_hit04  3 0.00394715 1.40e-06 2.75 0.75
             O$^{35}$ClO 067001 067001 NA_hit04 -1 0.75418812 1.00e-10 2.75 0.75
             O$^{37}$ClO 069001 067001 NA_hit04 -1 0.24105874 3.30e-11 2.75 0.75
              OC$^{32}$S 060001 060001 19_hit04  1 0.93765176 3.00e-10 2.75 0.75
              OC$^{34}$S 062001 060001 19_hit04  2 0.04140909 1.00e-11 2.75 0.75
       O$^{13}$C$^{32}$S 061001 060001 19_hit04  3 0.01048257 3.00e-12 2.75 0.75
                      OH 017001 017001 13_hit04  1 0.99746523 5.00e-10 2.70 0.70
         OH$(\nu_{1,2})$ 017005 017001 13_hit04  1 0.99746523 5.00e-10 2.70 0.70
               $^{18}$OH 019001 017001 13_hit04  2 0.00200369 1.00e-12 2.70 0.70
                      OD 018001 017001 13_hit04  3 0.00015537 8.00e-14 2.70 0.70
                 O$_{2}$ 032001 032001 07_hit04  1 0.99524686 2.00e-01 1.30 0.80
        O$_{2}(\nu_{1})$ 032002 032001 07_hit04  1 0.99524686 2.00e-01 1.30 0.80
 $^{1}\Delta_{g}$O$_{2}$ 032005 032005 NA_hit04 -1 0.99524686 3.00e-06 1.30 0.80
               O$^{17}$O 033002 032001 07_hit04  3 0.00075620 1.50e-04 1.30 0.80
               O$^{18}$O 034001 032001 07_hit04  2 0.00399128 8.00e-04 1.30 0.80
    O$^{18}$O$(\nu_{1})$ 000000 032001 07_hit04  2 0.00399128 8.00e-04 1.30 0.80
 $^{1}\Delta_{g}^{18}$OO 000000 032005 NA_hit04 -1 0.00399128 1.20e-08 1.30 0.80
                 O$_{3}$ 048004 048004 03_hit04  1 0.99287877 1.00e-05 2.00 0.80
      O$_{3}(\nu_{1,3})$ 048006 048004 03_hit04  1 0.99287877 1.00e-05 2.00 0.80
        O$_{3}(\nu_{2})$ 048005 048004 03_hit04  1 0.99287877 1.00e-05 2.00 0.80
       O$_{3}(2\nu_{2})$ 048007 048004 03_hit04  1 0.99287877 1.00e-05 2.00 0.80
O$_{3}(\nu_{1,3}+\nu_2)$ 048008 048004 03_hit04  1 0.99287877 1.00e-05 2.00 0.80
           O$_{2}^{17}$O 049002 048004 03_hit04  4 0.00075440 8.00e-09 2.00 0.80
              O$^{17}$OO 049001 048004 03_hit04  5 0.00037720 4.00e-09 2.00 0.80
           O$_{2}^{18}$O 050004 048004 03_hit04  2 0.00398178 4.00e-08 2.00 0.80
O$_{2}^{18}$O$(\nu_{2})$ 050006 048004 03_hit04  2 0.00398178 4.00e-08 2.00 0.80
              O$^{18}$OO 050003 048004 03_hit04  3 0.00199089 2.00e-08 2.00 0.80
   O$^{18}$OO$(\nu_{2})$ 050005 048004 03_hit04  3 0.00199089 2.00e-08 2.00 0.80
         $^{32}$SO$_{2}$ 064002 064002 09_hit04  1 0.94587834 1.00e-08 2.90 0.80
$^{32}$SO$_{2}(\nu_{2})$ 064005 064002 09_hit04  1 0.94587834 1.00e-08 2.90 0.80
         $^{33}$SO$_{2}$ 065001 064002 NA_hit04 -1 0.00745092 7.50e-11 2.90 0.80
         $^{34}$SO$_{2}$ 066002 064002 09_hit04  1 0.04177240 4.00e-10 2.90 0.80
       $^{32}$S$^{18}$OO 066004 064002 09_hit04 -1 0.00379330 4.00e-11 2.90 0.80
