Nominal Bandwidths in MHz:

FB01

110.0, 110.0, 110.0, 74.0, 74.0, 74.0, 55.0, 37.0, 28.0, 18.4, 14.0, 9.2, 7.2,
9.2, 14.0, 18.4, 28.0, 37.0, 55.0, 74.0, 74.0, 74.0, 110.0, 110.0, 110.0

FB02

110.0, 110.0, 110.0, 74.0, 74.0, 74.0, 55.0, 37.0, 28.0, 18.4, 14.0, 9.2, 7.2,
9.2, 14.0, 18.4, 28.0, 37.0, 55.0, 74.0, 74.0, 74.0, 110.0, 110.0, 110.0

FB03

110.0, 110.0, 110.0, 74.0, 74.0, 74.0, 55.0, 37.0, 28.0, 18.4, 14.0, 9.2, 7.2,
9.2, 14.0, 18.4, 28.0, 37.0, 55.0, 74.0, 74.0, 74.0, 110.0, 110.0, 110.0

FB04

110.0, 110.0, 110.0, 74.0, 74.0, 74.0, 55.0, 37.0, 28.0, 18.4, 14.0, 9.2, 7.2,
9.2, 14.0, 18.4, 28.0, 37.0, 55.0, 74.0, 74.0, 74.0, 110.0, 110.0, 110.0

FB05

110.0, 110.0, 110.0, 74.0, 74.0, 74.0, 55.0, 37.0, 28.0, 18.4, 14.0, 9.2, 7.2,
9.2, 14.0, 18.4, 28.0, 37.0, 55.0, 74.0, 74.0, 74.0, 110.0, 110.0, 110.0

FB06

110.0, 110.0, 110.0, 74.0, 74.0, 74.0, 55.0, 37.0, 28.0, 18.4, 14.0, 9.2, 7.2,
9.2, 14.0, 18.4, 28.0, 37.0, 55.0, 74.0, 74.0, 74.0, 110.0, 110.0, 110.0

FB07

110.0, 110.0, 110.0, 74.0, 74.0, 74.0, 55.0, 37.0, 28.0, 18.4, 14.0, 9.2, 7.2,
9.2, 14.0, 18.4, 28.0, 37.0, 55.0, 74.0, 74.0, 74.0, 110.0, 110.0, 110.0

FB08

110.0, 110.0, 110.0, 74.0, 74.0, 74.0, 55.0, 37.0, 28.0, 18.4, 14.0, 9.2, 7.2,
9.2, 14.0, 18.4, 28.0, 37.0, 55.0, 74.0, 74.0, 74.0, 110.0, 110.0, 110.0

FB09

110.0, 110.0, 110.0, 74.0, 74.0, 74.0, 55.0, 37.0, 28.0, 18.4, 14.0, 9.2, 7.2,
9.2, 14.0, 18.4, 28.0, 37.0, 55.0, 74.0, 74.0, 74.0, 110.0, 110.0, 110.0

FB10

110.0, 110.0, 110.0, 74.0, 74.0, 74.0, 55.0, 37.0, 28.0, 18.4, 14.0, 9.2, 7.2,
9.2, 14.0, 18.4, 28.0, 37.0, 55.0, 74.0, 74.0, 74.0, 110.0, 110.0, 110.0

FB11

110.0, 110.0, 110.0, 74.0, 74.0, 74.0, 55.0, 37.0, 28.0, 18.4, 14.0, 9.2, 7.2,
9.2, 14.0, 18.4, 28.0, 37.0, 55.0, 74.0, 74.0, 74.0, 110.0, 110.0, 110.0

FB12

110.0, 110.0, 110.0, 74.0, 74.0, 74.0, 55.0, 37.0, 28.0, 18.4, 14.0, 9.2, 7.2,
9.2, 14.0, 18.4, 28.0, 37.0, 55.0, 74.0, 74.0, 74.0, 110.0, 110.0, 110.0

FB13

110.0, 110.0, 110.0, 74.0, 74.0, 74.0, 55.0, 37.0, 28.0, 18.4, 14.0, 9.2, 7.2,
9.2, 14.0, 18.4, 28.0, 37.0, 55.0, 74.0, 74.0, 74.0, 110.0, 110.0, 110.0

FB14

110.0, 110.0, 110.0, 74.0, 74.0, 74.0, 55.0, 37.0, 28.0, 18.4, 14.0, 9.2, 7.2,
9.2, 14.0, 18.4, 28.0, 37.0, 55.0, 74.0, 74.0, 74.0, 110.0, 110.0, 110.0

FB15

110.0, 110.0, 110.0, 74.0, 74.0, 74.0, 55.0, 37.0, 28.0, 18.4, 14.0, 9.2, 7.2,
9.2, 14.0, 18.4, 28.0, 37.0, 55.0, 74.0, 74.0, 74.0, 110.0, 110.0, 110.0

FB16

110.0, 110.0, 110.0, 74.0, 74.0, 74.0, 55.0, 37.0, 28.0, 18.4, 14.0, 9.2, 7.2,
9.2, 14.0, 18.4, 28.0, 37.0, 55.0, 74.0, 74.0, 74.0, 110.0, 110.0, 110.0

FB17

110.0, 110.0, 110.0, 74.0, 74.0, 74.0, 55.0, 37.0, 28.0, 18.4, 14.0, 9.2, 7.2,
9.2, 14.0, 18.4, 28.0, 37.0, 55.0, 74.0, 74.0, 74.0, 110.0, 110.0, 110.0

FB18

110.0, 110.0, 110.0, 74.0, 74.0, 74.0, 55.0, 37.0, 28.0, 18.4, 14.0, 9.2, 7.2,
9.2, 14.0, 18.4, 28.0, 37.0, 55.0, 74.0, 74.0, 74.0, 110.0, 110.0, 110.0

FB19

110.0, 110.0, 110.0, 74.0, 74.0, 74.0, 55.0, 37.0, 28.0, 18.4, 14.0, 9.2, 7.2,
9.2, 14.0, 18.4, 28.0, 37.0, 55.0, 74.0, 74.0, 74.0, 110.0, 110.0, 110.0

MB01

37.0, 28.0, 18.4, 14.0, 9.2, 7.2, 9.2, 14.0, 18.4, 28.0, 37.0

MB02

37.0, 28.0, 18.4, 14.0, 9.2, 7.2, 9.2, 14.0, 18.4, 28.0, 37.0

MB03

37.0, 28.0, 18.4, 14.0, 9.2, 7.2, 9.2, 14.0, 18.4, 28.0, 37.0

MB04

37.0, 28.0, 18.4, 14.0, 9.2, 7.2, 9.2, 14.0, 18.4, 28.0, 37.0

MB05

37.0, 28.0, 18.4, 14.0, 9.2, 7.2, 9.2, 14.0, 18.4, 28.0, 37.0

WF01

500.0 500.0 500.0 500.0

WF02

500.0 500.0 500.0 500.0

WF03

500.0 500.0 500.0 500.0