
//dacs compression constants from Flight Software version 3.1.1
//tlmdacs.c
//same as in mat-file compress_const_011116.mat

#DATA

#// Define a constant value (L) used in DACS compression algorithm

8192

#// Define an array of constant values used in DACS compression algorithm

1870, -923, 752, -510, 377, -195, 60, -42, -56, 71, -145, 109, -131, 55,
-74, -5, -20, -39, 1, -55, 7, -54, 6, -49, -5, -37, -20, -21, -33, -12,
-38, -5, -43, -6, -32, -21, -23, -30, -18, -35, -14, -33, -18, -29, -24,
-26, -24, -20, -26, -16, -26, -21, -21, -22, -24, -22, -22, -24, -21, -24,
-21, -23, -17, -24, -21, -21, -20, -18, -21, -21, -23, -22, -20, -19, -20,
-20, -19, -20, -20, -23, -20, -22, -18, -18, -17, -21, -18, -19, -20, -19, 
-21, -18, -21, -13, -17, -20, -20, -17, -16, -13, -13, -19, -15, -19, -18,
-16, -16, -16, -15, -16, -17, -15, -16, -17, -15, -14, -15, -16, -14, -13,
-15, -17, -15, -17, -11, -13, -17, -17
