
This section is the header comments section for the default chi2 file.

Use a #DATA (starting in column 1) to indicate the beginning of the data.

All lines before the #DATA are comments.

Data begins after 1 comment line (beginning with a "#").  Data is free form.
The data order is Bands 1-21, Bands 27-31 followed by Bands 32-34.
Bands 22-26 (DACS) are not included.  Taken from 031025 CPT vacuum data.

#DATA

# Band 1

1.30 1.30 1.30 1.25 1.25 1.25 1.20 1.20 1.15 1.10 1.05 1.02 1.00
1.02 1.05 1.10 1.15 1.20 1.20 1.25 1.25 1.25 1.30 1.30 1.30

# Band 2

1.30 1.30 1.30 1.25 1.25 1.25 1.20 1.20 1.15 1.10 1.05 1.02 1.00
1.02 1.05 1.10 1.15 1.20 1.20 1.25 1.25 1.25 1.30 1.30 1.30

# Band 3

1.30 1.30 1.30 1.25 1.25 1.25 1.20 1.20 1.15 1.10 1.05 1.02 1.00
1.02 1.05 1.10 1.15 1.20 1.20 1.25 1.25 1.25 1.30 1.30 1.30

# Band 4

1.30 1.30 1.30 1.25 1.25 1.25 1.20 1.20 1.15 1.10 1.05 1.02 1.00
1.02 1.05 1.10 1.15 1.20 1.20 1.25 1.25 1.25 1.30 1.30 1.30

# Band 5

1.30 1.30 1.30 1.25 1.25 1.25 1.20 1.20 1.15 1.10 1.05 1.02 1.00
1.02 1.05 1.10 1.15 1.20 1.20 1.25 1.25 1.25 1.30 1.30 1.30

# Band 6

1.20 1.20 1.20 1.15 1.15 1.15 1.10 1.05 1.04 1.03 1.02 1.01 1.00
1.01 1.02 1.03 1.04 1.05 1.10 1.15 1.15 1.15 1.20 1.20 1.20

# Band 7

1.20 1.20 1.20 1.15 1.15 1.15 1.10 1.05 1.04 1.03 1.02 1.01 1.00
1.01 1.02 1.03 1.04 1.05 1.10 1.15 1.15 1.15 1.20 1.20 1.20

# Band 8

1.20 1.20 1.20 1.15 1.15 1.15 1.10 1.05 1.04 1.03 1.02 1.01 1.00
1.01 1.02 1.03 1.04 1.05 1.10 1.15 1.15 1.15 1.20 1.20 1.20

# Band 9

1.30 1.30 1.30 1.25 1.25 1.25 1.20 1.20 1.15 1.10 1.05 1.02 1.00
1.02 1.05 1.10 1.15 1.20 1.20 1.25 1.25 1.25 1.30 1.30 1.30

# Band 10

1.50 1.50 1.50 1.40 1.40 1.40 1.30 1.25 1.15 1.10 1.05 1.02 1.00
1.02 1.05 1.10 1.15 1.25 1.30 1.40 1.40 1.40 1.50 1.50 1.50

# Band 11

1.50 1.50 1.50 1.40 1.40 1.40 1.30 1.25 1.15 1.10 1.05 1.02 1.00
1.02 1.05 1.10 1.15 1.25 1.30 1.40 1.40 1.40 1.50 1.50 1.50

# Band 12

1.50 1.50 1.50 1.40 1.40 1.40 1.30 1.25 1.15 1.10 1.05 1.02 1.00
1.02 1.05 1.10 1.15 1.25 1.30 1.40 1.40 1.40 1.50 1.50 1.50

# Band 13

1.50 1.50 1.50 1.40 1.40 1.40 1.30 1.25 1.15 1.10 1.05 1.02 1.00
1.02 1.05 1.10 1.15 1.25 1.30 1.40 1.40 1.40 1.50 1.50 1.50

# Band 14

1.50 1.50 1.50 1.40 1.40 1.40 1.30 1.25 1.15 1.10 1.05 1.02 1.00
1.02 1.05 1.10 1.15 1.25 1.30 1.40 1.40 1.40 1.50 1.50 1.50

# Band 15

1.50 1.50 1.50 1.40 1.40 1.40 1.30 1.25 1.15 1.10 1.05 1.02 1.00
1.02 1.05 1.10 1.15 1.25 1.30 1.40 1.40 1.40 1.50 1.50 1.50

# Band 16

1.50 1.50 1.50 1.40 1.40 1.40 1.30 1.25 1.15 1.10 1.05 1.02 1.00
1.02 1.05 1.10 1.15 1.25 1.30 1.40 1.40 1.40 1.50 1.50 1.50

# Band 17

1.50 1.50 1.50 1.40 1.40 1.40 1.30 1.25 1.15 1.10 1.05 1.02 1.00
1.02 1.05 1.10 1.15 1.25 1.30 1.40 1.40 1.40 1.50 1.50 1.50

# Band 18

1.50 1.50 1.50 1.40 1.40 1.40 1.30 1.25 1.15 1.10 1.05 1.02 1.00
1.02 1.05 1.10 1.15 1.25 1.30 1.40 1.40 1.40 1.50 1.50 1.50

# Band 19

1.50 1.50 1.50 1.40 1.40 1.40 1.30 1.25 1.15 1.10 1.05 1.02 1.00
1.02 1.05 1.10 1.15 1.25 1.30 1.40 1.40 1.40 1.50 1.50 1.50

# Band 20

1.50 1.50 1.50 1.40 1.40 1.40 1.30 1.25 1.15 1.10 1.05 1.02 1.00
1.02 1.05 1.10 1.15 1.25 1.30 1.40 1.40 1.40 1.50 1.50 1.50

# Band 21

1.30 1.30 1.30 1.25 1.25 1.25 1.20 1.20 1.15 1.10 1.05 1.02 1.00
1.02 1.05 1.10 1.15 1.20 1.20 1.25 1.25 1.25 1.30 1.30 1.30

# Band 27

1.05 1.04 1.03 1.02 1.01 1.00 1.01 1.02 1.03 1.04 1.05

# Band 28

1.25 1.15 1.10 1.05 1.02 1.00 1.02 1.05 1.10 1.15 1.25

# Band 29

1.25 1.15 1.10 1.05 1.02 1.00 1.02 1.05 1.10 1.15 1.25

# Band 30

1.25 1.15 1.10 1.05 1.02 1.00 1.02 1.05 1.10 1.15 1.25

# Band 31

1.25 1.15 1.10 1.05 1.02 1.00 1.02 1.05 1.10 1.15 1.25

# Band 32

1.60 1.20 1.20 1.60

# Band 33

1.20 1.20 1.20 1.20

# Band 34

2.00 2.00 2.00 2.00
