
This section is the header comments section for the default zeros file.

Use a #DATA (starting in column 1) to indicate the beginning of the data.

All lines before the #DATA are comments.

Data begins after 1 comment line (beginning with a '#').  Data is free form.
The data order is FB 1-19, MB 1-5 followed by WF 1-3.

Produced for data of 04/02/12

#DATA

# FB  1

 2211 2052 1996 1913 1914 2100 2089 2071 2145 2130 2046 1961 1914
 2159 2095 2216 2145 1965 2006 1933 2023 2127 2196 1956 2039

# FB  2

 2198 1858 2128 2174 2421 1800 2098 2097 2002 2347 1822 2147 1974
 2186 2068 2078 1940 2022 1964 1949 2166 1763 2001 1793 2024

# FB  3

 2126 2193 2221 2202 2132 2296 2212 2377 2207 2210 2107 2268 2215
 2040 2290 2166 2099 2125 2226 2084 2318 2047 2008 2089 1906

# FB  4

 2236 2307 2423 2094 2091 2189 2314 2207 2188 2195 2121 2212 2141
 2130 2190 2059 2119 2020 2160 2214 2249 2301 2198 2019 2280

# FB  5

 2286 2155 2508 2245 2188 2241 2136 2154 2213 2181 2284 2103 2197
 2146 2238 2069 2255 2318 2151 2168 2332 2126 1987 2078 2281

# FB  6

 2218 2043 2067 1951 1988 2087 2130 2104 2130 2002 1247 2160 1837
 2625 2130 2000 2140 2048 2102 2078 2039 2096 2066 2059 2102

# FB  7

 2121 1840 2148 2170 2000 1507 2085 1936 2144 2080 2159 1835 1921
 2073 2256 1994 1929 2106 2168 1970 2112 1883 2071 2216 2054

# FB  8

 2223 2093 2180 1807 2065 1864 2011 2109 2282 2101 2013 2101 2135
 1994 1923 2064 2119 2226 2087 2244 2077 2140 2204 2147 2188

# FB  9

 2092 2067 2076 2033 2104 1814 2033 1882 1774 2154 2198 1904 2160
 2159 1873 1917 2116 2232 1941 2076 2011 1764 2131 2088 2008

# FB 10

 1987 2060 2152 2042 2112 1935 2058 2120 2134 1953 2017 2051 2115
 2309 2059 1982 2196 1972 1883 2005 2075 1962 2220 2013 1947

# FB 11

 2155 2213 2118 2207 2197 2114 2064 1974 2107 2016 2092 2067 2269
 1981 2212 1973 2117 1918 2162 1962 2170 2058 2176 1968 1944

# FB 12

 2336 2343 2319 2310 2194 2282 2022 2146 2340 2227 1914 2210 2196
 1958 2229 2073 2227 2263 2062 2268 1997 2111 2137 2137 2171

# FB 13

 2016 2145 2267 1997 2103 2269 2128 2191 2310 2272 2144 2033 2147
 2170 2032 2034 2020 2132 2386 2088 2182 1957 1945 1930 2219

# FB 14

 2028 1994 1970 2065 2037 2120 2117 2070 2130 2217 2092 2061 2102
 2089 2032 1864 2070 1908 1983 1990 2274 1745 2015 1991 2153

# FB 15

 2057 2153 2127 2037 2184 2042 2041 2156 2177 1973 2072 2043 2206
 2183 2012 2026 1979 2072 2001 2017 2077 2171 2170 2096 2149

# FB 16

 1948 2009 1967 2076 1944 2233 1844 2183 1834 2115 2012 2030 1960
 2112 2197 1884 1968 2066 2148 2025 2112 2019 2158 2026 1985

# FB 17

 1813 1978 2150 2096 2150 1882 2079 2300 1858 2270 1911 1888 1925
 2117 1910 2004 1892 2066 1834 1962 1884 1965 2048 1846 2019

# FB 18

 2173 2248 1985 2310 2116 1941 2235 2270 2140 2123 1857 2006 2038
 2044 2141 2140 1857 1920 2055 2060 2066 2162 2202 2003 2062

# FB 19

 2113 1957 2091 1955 2139 2057 1988 1913 1909 1998 1975 2168 1883
 2087 1771 2063 1944 2242 1995 2007 2059 2001 1998 2040 1969

# MB 1

 1925 1758 2044 2159 2163 1891 1993 1924 1994 2141 1771

# MB 2

 1993 2051 2036 2065 1997 2103 1917 2108 2012 2020 2018

# MB 3

 2187 1929 2161 2038 2047 2015 2103 2132 2002 2119 2027

# MB 4

 2193 2120 2117 1968 1902 1876 2010 1916 2060 1832 2003

# MB 5

 2006 1997 2106 1944 1971 1774 1867 1862 2101 1928 1920

# WF 1

 2952 2632 3128 2302

# WF 2

 2423 3470 2415 3046

# WF 3

 4289 1933 2496 2722
