
This section is the header comments section for the default gains file.

Use a #DATA (starting in column 1) to indicate the beginning of the data.

All lines before the #DATA are comments.

Data begins after 1 comment line (beginning with a "#").  Data is free form.
The data order is FB 1-19, MB 1-5 followed by WF 1-3.

This data is from the sensitivity data of 11/03/02.  Note: the THz gains are
hard-coded estimates.

#DATA

# R1A:118.B1F:PT.S0.FB25-1

 10.14 12.04 12.98 12.31 11.13 11.13 11.24  9.53  9.26  8.93  8.80  8.40  8.25
  8.48  8.39  8.24  8.62  9.36 11.87 10.81  9.98  9.93 10.52 11.05 10.95

# R2:190.B2F:H2O.S0.FB25-2

 11.37 10.96 12.59 14.79 14.99 13.07 12.03 12.42 12.17 11.29 11.48 10.29 10.32
 10.40 10.17 10.38 10.44 10.72 10.89  9.98  8.63  8.04  7.46  7.03  6.89

# R2:190.B3F:N2O.S2.FB25-3

 16.52 17.27 17.04 13.20 10.84 10.17 10.50  8.35  7.82  7.11  6.66  6.17  5.95
  6.08  5.67  5.66  5.82  6.35  8.19  7.85  6.51  5.77  6.41  6.96  6.76

# R2:190.B4F:HNO3.S0.FB25-4

 17.46 14.99 15.23 13.23 14.06 14.84 13.39 11.34 11.23 11.01 11.78 11.49 11.82
 12.22 13.29 13.89 14.15 12.87 13.44 12.05 10.46 10.80 10.70 12.54 15.58

# R2:190.B5F:CLO.S0.FB25-5

 12.97 14.22 13.67 18.16 14.89 11.67 13.60 17.00 14.93 12.98 11.50 10.79 10.36
  9.98  9.90 10.07 10.48 12.31 14.31 14.50 13.63 14.91 15.26 15.91 14.97

# R2:190.B6F:O3.S0.FB25-6

 17.59 18.68 19.58 17.49 16.01 15.59 16.07 14.93 15.38 14.93 14.96 13.89 13.38
 13.52 13.85 13.32 13.77 14.25 16.19 15.10 14.54 15.26 14.72 15.42 14.41

# R3:240.B7F:O3.S0.FB25-7

  9.68 11.22 10.49 11.78 11.24  8.75  9.06  9.03  9.26  8.71  8.31  7.62  7.33
  7.05  6.97  6.93  7.34  8.13 11.32 11.86 11.93 11.95 12.37 14.93 14.95

# R3:240.B8F:PT.S3.FB25-8

 12.43 11.04 11.91 11.06 10.64 10.25  9.62  9.46 10.11  9.45  8.83  7.99  7.66
  7.50  7.42  7.21  6.99  6.93  9.38 10.52 10.67  9.60 11.07 11.91 10.86

# R3:240.B9F:CO.S0.FB25-9

  9.09 10.16 12.08 11.64 10.98 12.02 12.08 11.83 12.33 10.71 10.88  9.56  9.26
  9.35  9.56 10.02 10.45 11.61 14.01 12.91 11.76 12.72 13.32 11.88 14.04

# R4:640.B10F:CLO.S0.FB25-10

  4.13  4.00  3.73  3.63  3.62  3.47  3.26  3.17  3.08  3.01  2.92  2.72  2.60
  2.69  2.66  2.68  2.70  2.76  3.10  2.63  3.43  2.67  3.00  2.81  3.46

# R4:640.B11F:BRO.S0.FB25-11

  4.04  3.71  3.67  3.30  2.98  3.07  3.30  3.18  3.34  3.10  2.99  3.01  2.96
  2.78  2.61  2.67  2.66  2.71  3.07  3.32  3.55  3.29  2.95  3.03  3.44

# R4:640.B12F:N2O.S4.FB25-12

 11.59 11.14 10.70 10.61 10.24  9.37  8.82  8.33  8.94  8.67  8.70  8.31  8.15
  8.26  8.07  7.82  7.62  7.62  8.88  9.57  9.75  9.23  9.38 11.08 11.51

# R4:640.B13F:HCL.S0.FB25-13

  2.21  2.68  3.73  3.97  3.51  3.12  3.18  2.73  2.65  2.42  2.32  2.08  1.99
  1.96  1.88  1.73  1.70  1.82  2.41  2.42  2.23  1.78  1.64  1.86  2.45

# R4:640.B14F:O3.S0.FB25-14

  2.22  2.36  2.29  3.09  3.48  3.95  3.66  3.03  2.92  2.75  2.73  2.56  2.63
  2.66  2.65  2.59  2.65  2.69  2.87  2.65  2.86  2.61  2.30  2.63  2.77

# R5H:2T5.B15F:OH.S5.FB25-15

  2.0 2.0 2.0 2.0 2.0 2.0 2.0 2.0 2.0 2.0 2.0 2.0 2.0
  2.0 2.0 2.0 2.0 2.0 2.0 2.0 2.0 2.0 2.0 2.0 2.0

# R5H:2T5.B16F:OH.S0.FB25-16

  2.0 2.0 2.0 2.0 2.0 2.0 2.0 2.0 2.0 2.0 2.0 2.0 2.0
  2.0 2.0 2.0 2.0 2.0 2.0 2.0 2.0 2.0 2.0 2.0 2.0

# R5H:2T5.B17F:PT.S0.FB25-17

  2.0 2.0 2.0 2.0 2.0 2.0 2.0 2.0 2.0 2.0 2.0 2.0 2.0
  2.0 2.0 2.0 2.0 2.0 2.0 2.0 2.0 2.0 2.0 2.0 2.0

# R5V:2T5.B18F:OH.S0.FB25-18

  2.0 2.0 2.0 2.0 2.0 2.0 2.0 2.0 2.0 2.0 2.0 2.0 2.0
  2.0 2.0 2.0 2.0 2.0 2.0 2.0 2.0 2.0 2.0 2.0 2.0

# R5V:2T5.B19F:OH.S0.FB25-19

  2.0 2.0 2.0 2.0 2.0 2.0 2.0 2.0 2.0 2.0 2.0 2.0 2.0
  2.0 2.0 2.0 2.0 2.0 2.0 2.0 2.0 2.0 2.0 2.0 2.0

# R2:190.B27M:HCN.S0.MB11-1

 17.25 16.67 16.16 15.63 14.45 14.02 14.09 14.09 14.58 15.63 16.82

# R4:640.B28M:HO2.S0.MB11-2

  3.22  3.14  3.01  3.12  3.29  3.30  3.34  3.34  3.29  3.05  3.51

# R4:640.B29M:HOCL.S0.MB11-3

  3.54  3.40  3.34  3.35  3.16  3.17  3.21  3.23  3.26  3.16  3.41

# R4:640.B30M:HO2.S0.MB11-4

  3.04  3.11  3.28  3.27  2.71  2.97  3.46  3.42  2.83  3.08  2.92

# R4:640.B31M:BRO.S0.MB11-5

  2.33  2.06  2.42  2.45  2.13  2.33  2.77  2.93  2.39  3.14  3.11

# R1A:118.B32W:PT.S0.WF4-1

 16.03 16.15 15.30  5.76

# R3:240.B33W:O3.S0.WF4-2

 13.75  6.27  7.77  7.37

# R1B:118.B34W:PT.S0.WF4-3

 16.33 12.06  7.74  3.31
