Band.ch U/LSB   f/GHz     h1 (PM) h2 (SM) h3 (TM)
1       L       118.753   0.9807  0.9930  0.9930
2       L       183.314   0.9949  0.9979  0.9979
2       U       200.486   0.9959  0.9984  0.9984
3       L       182.820   0.9949  0.9979  0.9979
3       U       200.980   0.9959  0.9984  0.9984
4       L       181.598   0.9949  0.9978  0.9978
4       U       202.202   0.9959  0.9984  0.9984
5       L       179.443   0.9947  0.9977  0.9977
5       U       204.357   0.9958  0.9983  0.9983
6       L       177.663   0.9945  0.9976  0.9976
6       U       206.137   0.9958  0.9983  0.9983
7       L       235.715   0.9966  0.9986  0.9986
7       U       243.605   0.9967  0.9987  0.9987
8       L       233.951   0.9963  0.9985  0.9985
8       U       245.369   0.9968  0.9987  0.9987
9       L       230.543   0.9965  0.9986  0.9986
9       U       248.777   0.9969  0.9987  0.9987
10      L       636.274   0.9972  0.9984  0.9985
10      U       649.466   0.9973  0.9985  0.9985
11      L       635.546   0.9972  0.9984  0.9985
11      U       650.194   0.9973  0.9985  0.9985
12      L       632.891   0.9972  0.9985  0.9985
12      U       652.849   0.9972  0.9984  0.9984
13      L       625.933   0.9972  0.9984  0.9985
13      U       659.807   0.9972  0.9983  0.9984
14      L       625.386   0.9972  0.9984  0.9985
14      U       660.354   0.9972  0.9983  0.9984
21      L       118.753   0.9786  0.9900  0.9900
22      L       118.753   0.9807  0.9930  0.9930
23      L       183.314   0.9949  0.9979  0.9979
23      U       200.486   0.9959  0.9984  0.9984
24      L       235.715   0.9966  0.9986  0.9986
24      U       243.605   0.9967  0.9987  0.9987
25      L       230.543   0.9965  0.9986  0.9986
25      U       248.777   0.9969  0.9987  0.9987
26      L       118.753   0.9786  0.9900  0.9900
27      L       177.265   0.9945  0.9976  0.9976
27      U       206.535   0.9957  0.9983  0.9983
28      L       636.024   0.9972  0.9984  0.9985
28      U       649.717   0.9973  0.9985  0.9985
29      L       635.884   0.9972  0.9984  0.9985
29      U       649.856   0.9973  0.9985  0.9985
30      L       625.240   0.9972  0.9984  0.9985
30      U       660.501   0.9972  0.9983  0.9984
31      L       624.782   0.9972  0.9984  0.9984
31      U       660.958   0.9972  0.9983  0.9984
32.1    L       122.000   0.9811  0.9932  0.9932
32.2    L       120.500   0.9809  0.9931  0.9931
32.3    L       117.000   0.9823  0.9936  0.9936
32.4    L       115.300   0.9815  0.9931  0.9931
33.1    L       236.660   0.9966  0.9986  0.9986
33.1    U       242.660   0.9967  0.9987  0.9987
33.2    L       234.860   0.9964  0.9985  0.9986
33.2    U       244.460   0.9968  0.9987  0.9987
33.3    L       232.460   0.9964  0.9985  0.9985
33.3    U       246.860   0.9968  0.9987  0.9987
33.4    L       231.860   0.9964  0.9985  0.9986
33.4    U       247.460   0.9968  0.9987  0.9987
34.1    L       122.000   0.9792  0.9901  0.9901
34.2    L       120.500   0.9782  0.9897  0.9897
34.3    L       117.000   0.9785  0.9901  0.9901
34.4    L       115.300   0.9796  0.9906  0.9906
