head	1.2;
access;
symbols;
locks; strict;
comment	@# @;


1.2
date	2009.04.08.01.34.40;	author vsnyder;	state dead;
branches;
next	1.1;

1.1
date	2008.06.11.20.14.56;	author vsnyder;	state Exp;
branches;
next	;


desc
@@


1.2
log
@Wrong file name
@
text
@%TGIF 4.1.45-QPL
state(0,37,100.000,0,256,0,4,1,9,0,3,0,0,0,0,1,0,'Courier',0,115200,0,4,0,10,0,0,1,1,0,16,0,0,1,2,1,1,1088,1408,1,0,320,0).
%
% @@(#)$Header: /nas/software/mlsdev/cvsroot/mlspgs/doc/wvs-074-scatter,obj,v 1.1 2008/06/11 20:14:56 vsnyder Exp $
% %W%
%
unit("1 pixel/pixel").
color_info(11,65535,0,[
	"magenta", 65535, 0, 65535, 65535, 0, 65535, 1,
	"red", 65535, 0, 0, 65535, 0, 0, 1,
	"green", 0, 65535, 0, 0, 65535, 0, 1,
	"blue", 0, 0, 65535, 0, 0, 65535, 1,
	"yellow", 65535, 65535, 0, 65535, 65535, 0, 1,
	"pink", 65535, 49344, 52171, 65535, 49344, 52171, 1,
	"cyan", 0, 65535, 65535, 0, 65535, 65535, 1,
	"CadetBlue", 24415, 40606, 41120, 24415, 40606, 41120, 1,
	"white", 65535, 65535, 65535, 65535, 65535, 65535, 1,
	"black", 0, 0, 0, 0, 0, 0, 1,
	"DarkSlateGray", 12079, 20303, 20303, 12079, 20303, 20303, 1
]).
script_frac("0.6").
fg_bg_colors('black','white').
dont_reencode("FFDingbests:ZapfDingbats").
objshadow_info('#c0c0c0',2,2).
page(1,"",1,'').
arc('blue','',0,3,1,0,-25,586,541,1152,957,768,141,768,0,1132,1132,2752,6016,4,0,0,12,5,0,0,0,'3','12','5',0,[
]).
text('black',525,787,1,2,1,27,16,10,13,3,0,0,0,0,2,27,16,0,0,"",0,0,0,0,800,'',[
minilines(27,16,0,0,2,0,0,[
mini_line(27,13,3,0,0,0,[
str_block(0,27,13,3,0,-3,0,0,0,[
str_seg('black','Courier',0,80640,27,13,3,0,-3,0,0,0,0,0,
	"Ht1")])
])
])]).
text('black',525,954,1,2,1,9,20,12,14,6,0,0,0,0,2,9,20,0,0,"",0,0,0,0,968,'',[
minilines(9,20,0,0,2,0,0,[
mini_line(9,14,6,0,0,0,[
str_block(0,9,14,6,0,-1,0,0,0,[
str_seg('black','Symbol',0,80640,9,14,6,0,-1,0,0,0,0,0,
	"f")])
])
])]).
poly('red','',2,[
	541,1152,541,216],0,1,1,5,0,0,0,0,0,0,0,'1',0,0,
    "0","",[
    0,8,3,0,'8','3','0'],[0,8,3,0,'8','3','0'],[
]).
poly('black','',2,[
	958,448,125,448],0,3,1,6,0,0,0,0,0,0,0,'3',0,0,
    "0","",[
    0,12,5,0,'12','5','0'],[0,12,5,0,'12','5','0'],[
]).
poly('black','',3,[
	540,468,516,468,516,448],0,1,1,26,0,0,0,0,0,0,0,'1',0,0,
    "0","",[
    0,8,3,0,'8','3','0'],[0,8,3,0,'8','3','0'],[
]).
text('black',365,418,1,2,1,9,20,518,14,6,0,0,0,0,2,9,20,0,0,"",0,0,0,0,432,'',[
minilines(9,20,0,0,2,0,0,[
mini_line(9,14,6,0,0,0,[
str_block(0,9,14,6,0,-1,0,0,0,[
str_seg('black','Symbol',0,80640,9,14,6,0,-1,0,0,0,0,0,
	"f")])
])
])]).
group([
poly('black','',2,[
	541,1152,189,288],0,1,1,9,0,0,0,0,0,0,0,'1',0,0,
    "0","",[
    0,8,3,0,'8','3','0'],[0,8,3,0,'8','3','0'],[
]),
poly('black','',2,[
	-775,343,128,345],0,1,1,483,0,0,0,0,0,1,0,'1',0,0,
    "0","",[
    0,8,3,0,'8','3','0'],[0,8,3,0,'8','3','0'],[
	-705,345,-775,343,128,345,-925.541,378.649,378.649,925.541,1601,-158],[
]),
poly('black','',3,[
	-31,469,-7,469,-7,449],0,1,1,482,0,0,0,0,0,1,0,'1',0,0,
    "0","",[
    0,8,3,0,'8','3','0'],[0,8,3,0,'8','3','0'],[
	-31,449,-31,449,-7,469,-925.541,378.649,378.649,925.541,283,0],[
])
],
645,0,0,[
]).
poly('black','',2,[
	-146,1167,-448,428],0,1,1,653,0,0,0,0,0,1,0,'1',0,0,
    "0","",[
    0,8,3,0,'8','3','0'],[0,8,3,0,'8','3','0'],[
	-448,428,-448,428,-146,1167,-984.808,173.648,173.648,984.808,1158,-62],[
]).
poly('black','',2,[
	-1510,520,-657,521],0,3,1,652,0,0,0,0,0,1,0,'3',0,0,
    "0","",[
    0,12,5,0,'12','5','0'],[0,12,5,0,'12','5','0'],[
	-1490,521,-1510,520,-657,521,977.232,212.178,-212.178,977.232,1634,-95],[
]).
poly('black','',3,[
	-664,613,-640,613,-640,593],0,1,1,651,0,0,0,0,0,1,0,'1',0,0,
    "0","",[
    0,8,3,0,'8','3','0'],[0,8,3,0,'8','3','0'],[
	-664,593,-664,593,-640,613,977.232,212.178,-212.178,977.232,1336,-53],[
]).
text('black',565,986,1,2,1,14,20,676,14,6,0,0,0,0,2,14,20,0,0,"",0,0,0,0,1000,'',[
minilines(14,20,0,0,2,0,0,[
mini_line(14,14,6,0,0,0,[
str_block(0,14,14,6,0,-1,0,0,0,[
str_seg('black','Symbol',0,80640,14,14,6,0,-1,0,0,0,0,0,
	"x2")])
])
])]).
text('black',673,742,1,2,1,25,17,678,14,3,0,0,0,0,2,25,17,0,0,"",0,0,0,0,756,'',[
minilines(25,17,0,0,2,0,0,[
mini_line(25,14,3,0,0,0,[
str_block(0,25,14,3,0,-1,0,0,0,[
str_seg('black','NewCenturySchlbk-Roman',0,80640,25,14,3,0,-1,0,0,0,0,0,
	"Ht2")])
])
])]).
text('black',381,454,1,2,1,14,20,684,14,6,0,0,0,0,2,14,20,0,0,"",0,0,0,0,468,'',[
minilines(14,20,0,0,2,0,0,[
mini_line(14,14,6,0,0,0,[
str_block(0,14,14,6,0,-1,0,0,0,[
str_seg('black','Symbol',0,80640,14,14,6,0,-1,0,0,0,0,0,
	"x2")])
])
])]).
poly('black','',2,[
	-111,604,110,274],0,3,1,695,0,0,0,0,0,1,0,'3',0,0,
    "0","",[
    0,12,5,0,'12','5','0'],[0,12,5,0,'12','5','0'],[
	-111,360,-111,274,110,604,-965.926,258.819,258.819,965.926,472,2],[
]).
poly('black','',2,[
	-111,601,-266,366],0,3,1,697,0,0,0,0,0,1,0,'3',0,0,
    "0","",[
    0,12,5,0,'12','5','0'],[0,12,5,0,'12','5','0'],[
	-227,356,-266,366,-111,601,-965.926,258.819,258.819,965.926,702,-28],[
]).
poly('black','',2,[
	381,560,869,1004],0,1,1,730,0,0,0,0,0,0,0,'1',0,0,
    "0","",[
    0,8,3,0,'8','3','0'],[0,8,3,0,'8','3','0'],[
]).
poly('black','',2,[
	445,540,245,1104],0,1,1,731,0,0,0,0,0,0,0,'1',0,0,
    "0","",[
    0,8,3,0,'8','3','0'],[0,8,3,0,'8','3','0'],[
]).
poly('black','',2,[
	-525,924,-518,1255],0,1,1,734,0,0,0,0,0,1,0,'1',0,0,
    "0","",[
    0,8,3,0,'8','3','0'],[0,8,3,0,'8','3','0'],[
	-525,924,-525,924,-518,1255,-766.044,-642.788,-642.788,766.044,1284,-23],[
]).
poly('black','',2,[
	78,1008,77,1305],0,1,1,744,0,0,0,0,0,1,0,'1',0,0,
    "0","",[
    0,8,3,0,'8','3','0'],[0,8,3,0,'8','3','0'],[
	77,1012,77,1008,78,1305,-342.02,939.693,939.693,342.02,190,38],[
]).
poly('black','',3,[
	-244,1105,-220,1105,-222,1081],0,1,1,803,0,0,0,0,0,1,0,'1',0,0,
    "0","",[
    0,8,3,0,'8','3','0'],[0,8,3,0,'8','3','0'],[
	-244,1085,-244,1081,-220,1105,378.649,-925.541,925.541,378.649,510,-37],[
]).
poly('black','',3,[
	-751,981,-727,981,-730,957],0,1,1,868,0,0,0,0,0,1,0,'1',0,0,
    "0","",[
    0,8,3,0,'8','3','0'],[0,8,3,0,'8','3','0'],[
	-751,961,-751,957,-727,981,678.801,734.323,-734.323,678.801,1508,-57],[
]).
arc('black','',0,1,1,0,369,976,541,1148,541,976,473,992,0,344,344,5760,1536,898,0,0,8,3,0,0,0,'1','8','3',0,[
]).
text('black',325,474,1,2,1,14,20,900,14,6,0,0,0,0,2,14,20,0,0,"",0,0,0,0,488,'',[
minilines(14,20,0,0,2,0,0,[
mini_line(14,14,6,0,0,0,[
str_block(0,14,14,6,0,-1,0,0,0,[
str_seg('black','Symbol',0,80640,14,14,6,0,-1,0,0,0,0,0,
	"x3")])
])
])]).
arc('black','',0,1,1,0,117,312,253,448,389,448,385,480,1,272,272,0,-896,906,0,0,8,3,0,0,0,'1','8','3',0,[
]).
arc('black','',0,1,1,0,197,392,253,448,309,448,297,488,1,112,112,0,-2752,907,0,0,8,3,0,0,0,'1','8','3',0,[
]).
arc('black','',0,1,1,0,162,357,253,448,337,412,341,448,1,182,182,1536,-1536,908,0,0,8,3,0,0,0,'1','8','3',0,[
]).
text('black',389,1106,1,2,1,25,17,919,14,3,0,0,0,0,2,25,17,0,0,"",0,0,0,0,1120,'',[
minilines(25,17,0,0,2,0,0,[
mini_line(25,14,3,0,0,0,[
str_block(0,25,14,3,0,-1,0,0,0,[
str_seg('black','NewCenturySchlbk-Roman',0,80640,25,14,3,0,-1,0,0,0,0,0,
	"Ht3")])
])
])]).
text('black',685,1026,1,2,1,25,17,924,14,3,0,0,0,0,2,25,17,0,0,"",0,0,0,0,1040,'',[
minilines(25,17,0,0,2,0,0,[
mini_line(25,14,3,0,0,0,[
str_block(0,25,14,3,0,-1,0,0,0,[
str_seg('black','NewCenturySchlbk-Roman',0,80640,25,14,3,0,-1,0,0,0,0,0,
	"Ht3")])
])
])]).
arc('black','',0,1,1,0,407,1014,541,1148,569,1016,541,1016,0,268,268,5056,704,925,0,0,8,3,0,0,0,'1','8','3',0,[
]).
arc('black','',0,1,1,0,437,1048,541,1152,541,1048,609,1076,1,208,208,5760,-2624,939,0,0,8,3,0,0,0,'1','8','3',0,[
]).
text('black',605,1030,1,2,1,14,20,941,14,6,0,0,0,0,2,14,20,0,0,"",0,0,0,0,1044,'',[
minilines(14,20,0,0,2,0,0,[
mini_line(14,14,6,0,0,0,[
str_block(0,14,14,6,0,-1,0,0,0,[
str_seg('black','Symbol',0,80640,14,14,6,0,-1,0,0,0,0,0,
	"x3")])
])
])]).
poly('black','',2,[
	541,1156,425,600],0,1,1,946,0,0,3,0,0,0,0,'1',0,0,
    "0","",[
    0,8,3,0,'8','3','0'],[0,8,3,0,'8','3','0'],[
]).
arc('black','',0,1,1,3,431,1038,541,1148,517,1040,437,1112,0,220,220,6592,3712,949,0,0,8,3,0,0,0,'1','8','3',0,[
]).
text('black',457,1046,1,2,1,7,20,950,14,6,0,0,0,0,2,7,20,0,0,"",0,0,0,0,1060,'',[
minilines(7,20,0,0,2,0,0,[
mini_line(7,14,6,0,0,0,[
str_block(0,7,14,6,0,-1,0,0,0,[
str_seg('black','Symbol',0,80640,7,14,6,0,-1,0,0,0,0,0,
	"q")])
])
])]).
arc('black','',0,1,1,0,469,1076,541,1148,541,1076,473,1124,0,144,144,5760,4544,952,0,0,8,3,0,0,0,'1','8','3',0,[
]).
text('black',509,1094,1,2,1,14,20,953,14,6,0,0,0,0,2,14,20,0,0,"",0,0,0,0,1108,'',[
minilines(14,20,0,0,2,0,0,[
mini_line(14,14,6,0,0,0,[
str_block(0,14,14,6,0,-1,0,0,0,[
str_seg('black','Symbol',0,80640,14,14,6,0,-1,0,0,0,0,0,
	"x4")])
])
])]).
text('black',465,834,1,2,1,11,17,955,14,3,0,0,0,0,2,11,17,0,0,"",0,0,0,0,848,'',[
minilines(11,17,0,0,2,0,0,[
mini_line(11,14,3,0,0,0,[
str_block(0,11,14,3,0,0,0,0,0,[
str_seg('black','NewCenturySchlbk-Roman',0,80640,11,14,3,0,0,0,0,0,0,0,
	"R")])
])
])]).
text('black',289,562,1,2,1,12,17,962,14,3,0,0,0,0,2,12,17,0,0,"",0,0,0,0,576,'',[
minilines(12,17,0,0,2,0,0,[
mini_line(12,14,3,0,0,0,[
str_block(0,12,14,3,0,-1,0,0,0,[
str_seg('black','NewCenturySchlbk-Roman',0,80640,12,14,3,0,-1,0,0,0,0,0,
	"H")])
])
])]).
poly('black','',2,[
	253,452,957,696],0,1,1,964,0,0,4,0,0,0,0,'1',0,0,
    "0","",[
    0,8,3,0,'8','3','0'],[0,8,3,0,'8','3','0'],[
]).
arc('black','',0,1,1,4,73,268,253,448,433,448,421,508,1,360,360,0,-1280,965,0,0,8,3,0,0,0,'1','8','3',0,[
]).
text('black',453,458,1,2,1,14,20,966,14,6,0,0,0,0,2,14,20,0,0,"",0,0,0,0,472,'',[
minilines(14,20,0,0,2,0,0,[
mini_line(14,14,6,0,0,0,[
str_block(0,7,14,6,0,0,0,0,0,[
str_seg('black','Symbol',0,80640,7,14,6,0,0,0,0,0,0,0,
	"x")]),
str_block(0,7,14,3,0,-1,0,0,0,[
str_seg('black','NewCenturySchlbk-Roman',0,80640,7,14,3,0,-1,0,0,0,0,0,
	"c")])
])
])]).
text('black',273,402,1,2,1,13,22,980,18,4,0,0,0,0,2,13,22,0,0,"",0,0,0,0,420,'',[
minilines(13,22,0,0,2,0,0,[
mini_line(13,18,4,0,0,0,[
str_block(0,13,18,4,0,-1,0,0,0,[
str_seg('black','Helvetica',0,115200,13,18,4,0,-1,0,0,0,0,0,
	"P")])
])
])]).
page(2,"",1,'').
arc('blue','',0,3,1,0,-20,657,546,1223,130,839,946,839,1,1132,1132,8768,-6016,377,0,0,12,5,0,0,0,'3','12','5',0,[
]).
text('black',520,814,1,0,1,18,16,380,13,3,0,0,0,0,2,18,16,0,0,"",0,0,0,0,827,'',[
minilines(18,16,0,0,0,0,0,[
mini_line(18,13,3,0,0,0,[
str_block(0,18,13,3,0,-2,0,0,0,[
str_seg('black','Courier',0,80640,18,13,3,0,-2,0,0,0,0,0,
	"Ht")])
])
])]).
text('black',552,1039,1,0,1,9,20,381,14,6,0,0,0,0,2,9,20,0,0,"",0,0,0,0,1053,'',[
minilines(9,20,0,0,0,0,0,[
mini_line(9,14,6,0,0,0,[
str_block(0,9,14,6,0,-1,0,0,0,[
str_seg('black','Symbol',0,80640,9,14,6,0,-1,0,0,0,0,0,
	"f")])
])
])]).
text('black',514,1081,1,0,1,7,20,382,14,6,0,0,0,0,2,7,20,0,0,"",0,0,0,0,1095,'',[
minilines(7,20,0,0,0,0,0,[
mini_line(7,14,6,0,0,0,[
str_block(0,7,14,6,0,-1,0,0,0,[
str_seg('black','Symbol',0,80640,7,14,6,0,-1,0,0,0,0,0,
	"q")])
])
])]).
text('black',648,539,4,0,1,87,77,383,14,3,0,0,0,0,2,87,77,0,0,"",0,0,0,0,553,'',[
minilines(87,77,0,0,0,0,0,[
mini_line(81,14,6,0,0,0,[
str_block(0,69,14,3,0,-1,0,0,0,[
str_seg('black','Times-Roman',0,80640,69,14,3,0,-1,0,0,0,0,0,
	"H = Ht sec (")]),
str_block(0,12,14,6,0,-1,0,0,0,[
str_seg('black','Symbol',0,80640,12,14,6,0,-1,0,0,0,0,0,
	"x)")])
]),
mini_line(86,14,6,0,0,0,[
str_block(0,11,14,6,0,-1,0,0,0,[
str_seg('black','Symbol',0,80640,11,14,6,0,-1,0,0,0,0,0,
	"H")]),
str_block(0,4,14,3,0,0,0,0,0,[
str_seg('black','Times-Roman',0,80640,4,14,3,0,0,0,0,0,0,0,
	"t")]),
str_block(0,31,14,6,0,-2,0,0,0,[
str_seg('black','Symbol',0,80640,31,14,6,0,-2,0,0,0,0,0,
	" = H ")]),
str_block(0,28,14,3,0,-1,0,0,0,[
str_seg('black','NewCenturySchlbk-Roman',0,80640,28,14,3,0,-1,0,0,0,0,0,
	"cos (")]),
str_block(0,12,14,6,0,-1,0,0,0,[
str_seg('black','Symbol',0,80640,12,14,6,0,-1,0,0,0,0,0,
	"x)")])
]),
mini_line(87,14,6,0,0,0,[
str_block(0,23,14,6,0,-2,0,0,0,[
str_seg('black','Symbol',0,80640,23,14,6,0,-2,0,0,0,0,0,
	"q = ")]),
str_block(0,64,14,3,0,-1,0,0,0,[
str_seg('black','Times-Roman',0,80640,64,14,3,0,-1,0,0,0,0,0,
	"acos(Ht/R)")])
]),
mini_line(0,14,3,0,0,0,[
str_block(0,0,14,3,0,0,0,0,0,[
str_seg('black','Times-Roman',0,80640,0,14,3,0,0,0,0,0,0,0,
	"")])
])
])]).
text('black',454,1097,1,0,1,7,20,393,14,6,0,0,0,0,2,7,20,0,0,"",0,0,0,0,1111,'',[
minilines(7,20,0,0,0,0,0,[
mini_line(7,14,6,0,0,0,[
str_block(0,7,14,6,0,-1,0,0,0,[
str_seg('black','Symbol',0,80640,7,14,6,0,-1,0,0,0,0,0,
	"q")])
])
])]).
text('black',195,945,1,0,1,18,16,394,13,3,0,0,0,0,2,18,16,0,0,"",0,0,0,0,958,'',[
minilines(18,16,0,0,0,0,0,[
mini_line(18,13,3,0,0,0,[
str_block(0,18,13,3,0,-2,0,0,0,[
str_seg('black','Courier',0,80640,18,13,3,0,-2,0,0,0,0,0,
	"Ht")])
])
])]).
text('black',359,788,1,0,1,9,17,395,14,3,0,0,0,0,2,9,17,0,0,"",0,0,0,0,802,'',[
minilines(9,17,0,0,0,0,0,[
mini_line(9,14,3,0,0,0,[
str_block(0,9,14,3,0,0,0,0,0,[
str_seg('black','Times-Roman',0,80640,9,14,3,0,0,0,0,0,0,0,
	"R")])
])
])]).
poly('black','',2,[
	152,1384,152,874],0,1,1,406,0,0,0,0,0,1,0,'1',0,0,
    "0","",[
    0,8,3,0,'8','3','0'],[0,8,3,0,'8','3','0'],[
	152,874,152,874,152,1384,642.788,-766.044,766.044,642.788,1,16],[
]).
poly('black','',2,[
	-12,670,258,672],0,1,1,409,0,0,0,0,0,1,0,'1',0,0,
    "0","",[
    0,8,3,0,'8','3','0'],[0,8,3,0,'8','3','0'],[
	-100,671,-12,670,258,672,642.788,-766.044,766.044,642.788,174,317],[
]).
poly('black','',3,[
	130,914,154,914,154,891],0,1,1,408,0,0,0,0,0,1,0,'1',0,0,
    "0","",[
    0,8,3,0,'8','3','0'],[0,8,3,0,'8','3','0'],[
	130,891,130,891,154,914,642.788,-766.044,766.044,642.788,25,-2],[
]).
poly('black','',2,[
	93,640,533,642],0,1,1,428,0,0,0,0,0,1,0,'1',0,0,
    "0","",[
    0,8,3,0,'8','3','0'],[0,8,3,0,'8','3','0'],[
	36,640,93,640,533,642,906.308,-422.618,422.618,906.308,39,176],[
]).
poly('black','',3,[
	305,729,329,729,329,706],0,1,1,429,0,0,0,0,0,1,0,'1',0,0,
    "0","",[
    0,8,3,0,'8','3','0'],[0,8,3,0,'8','3','0'],[
	305,706,305,706,329,729,906.308,-422.618,422.618,906.308,1,5],[
]).
poly('black','',2,[
	308,712,544,1216],0,1,1,433,0,0,0,0,0,0,0,'1',0,0,
    "0","",[
    0,8,3,0,'8','3','0'],[0,8,3,0,'8','3','0'],[
]).
text('black',596,374,1,0,1,58,20,472,14,6,0,0,0,0,2,58,20,0,0,"",0,0,0,0,388,'',[
minilines(58,20,0,0,0,0,0,[
mini_line(58,14,6,0,0,0,[
str_block(0,58,14,6,0,-1,0,0,0,[
str_seg('black','Symbol',0,80640,58,14,6,0,-1,0,0,0,0,0,
	"p/2-2q-f")])
])
])]).
poly('black','',2,[
	543,1215,543,428],0,1,1,378,0,0,0,0,0,0,0,'1',0,0,
    "0","",[
    0,8,3,0,'8','3','0'],[0,8,3,0,'8','3','0'],[
]).
poly('black','',2,[
	128,708,961,708],0,1,1,386,0,0,0,0,0,0,0,'1',0,0,
    "0","",[
    0,8,3,0,'8','3','0'],[0,8,3,0,'8','3','0'],[
]).
poly('black','',3,[
	542,731,566,731,566,708],0,1,1,385,0,0,0,0,0,0,0,'1',0,0,
    "0","",[
    0,8,3,0,'8','3','0'],[0,8,3,0,'8','3','0'],[
]).
poly('black','',2,[
	672,1227,673,272],0,1,1,530,0,0,0,0,0,1,0,'1',0,0,
    "0","",[
    0,8,3,0,'8','3','0'],[0,8,3,0,'8','3','0'],[
	673,272,672,272,673,1227,990.268,139.173,-139.173,990.268,3,0],[
]).
poly('black','',2,[
	121,253,963,256],0,1,1,529,0,0,0,0,0,1,0,'1',0,0,
    "0","",[
    0,8,3,0,'8','3','0'],[0,8,3,0,'8','3','0'],[
	130,256,121,253,963,256,990.268,139.173,-139.173,990.268,6,-58],[
]).
poly('black','',3,[
	676,295,700,295,700,272],0,1,1,528,0,0,0,0,0,1,0,'1',0,0,
    "0","",[
    0,8,3,0,'8','3','0'],[0,8,3,0,'8','3','0'],[
	676,272,676,272,700,295,990.268,139.173,-139.173,990.268,3,0],[
]).
text('black',596,278,1,0,1,54,20,568,14,6,0,0,0,0,2,54,20,0,0,"",0,0,0,0,292,'',[
minilines(54,20,0,0,0,0,0,[
mini_line(54,14,6,0,0,0,[
str_block(0,54,14,6,0,-1,0,0,0,[
str_seg('black','Symbol',0,80640,54,14,6,0,-1,0,0,0,0,0,
	"x = 2q+f")])
])
])]).
poly('black','',3,[
	128,708,308,708,740,192],0,3,1,580,0,0,0,0,0,0,0,'3',0,0,
    "0","",[
    0,12,5,0,'12','5','0'],[0,12,5,0,'12','5','0'],[
]).
poly('black','',2,[
	128,428,961,428],0,1,1,634,0,0,0,0,0,0,0,'1',0,0,
    "0","",[
    0,8,3,0,'8','3','0'],[0,8,3,0,'8','3','0'],[
]).
poly('black','',3,[
	542,451,566,451,566,428],0,1,1,637,0,0,0,0,0,0,0,'1',0,0,
    "0","",[
    0,8,3,0,'8','3','0'],[0,8,3,0,'8','3','0'],[
]).
text('black',484,442,1,0,1,14,20,639,14,6,0,0,0,0,2,14,20,0,0,"",0,0,0,0,456,'',[
minilines(14,20,0,0,0,0,0,[
mini_line(14,14,6,0,0,0,[
str_block(0,14,14,6,0,-1,0,0,0,[
str_seg('black','Symbol',0,80640,14,14,6,0,-1,0,0,0,0,0,
	"2q")])
])
])]).
@


1.1
log
@Initial commit
@
text
@d4 1
a4 1
% @@(#)$Header$
@

